  Метод Свена
-----------------------------------
    i  L        fx         x
-----------------------------------
    1  3        172       -3       
    2  3        103        0       
    3  6         19        6       
    4  12        67        18      
-----------------------------------
i = 4 h = 12
fa = 103 a = 0
fb = 67 b = 18
fc = 19 c = 6
 Метод дихотомії 
-----------------------------------
    i  L        fx         x
-----------------------------------
    5  8.999     4.002     8.999   
    6  9.001     3.998     9.001   
    7  4.4995    15.2395   13.4985 
    8  4.5015    15.2535   13.5005 
    9  2.2498    4.5594    11.2488 
   10  2.2517    4.5644    11.2508 
   11  1.1249    3.0153    10.1239 
   12  1.1269    3.0158    10.1259 
   13  0.5624    3.1923    9.5614  
   14  0.5644    3.1906    9.5634  
   15  0.2812    3.0248    9.8427  
   16  0.2832    3.0241    9.8447  
   17  0.1406    3.0003    9.9833  
   18  0.1426    3.0002    9.9853  
   19  0.0703    3.0029    10.0536 
   20  0.0723    3.0031    10.0556 
   21  0.0352    3.0003    10.0184 
   22  0.0372    3.0004    10.0204 
   23  0.0176    3         10.0008 
   24  0.0196    3         10.0028 
   25  8.79e-3   3.0001    9.9921  
   26  0.0108    3         9.9941  
   27  4.39e-3   3         9.9964  
   28  6.39e-3   3         9.9984  
-----------------------------------
i = 28 L = 0.006394
fx = 3 x = 9.9964
dfx = -0.0071045 d2fx = 2.0002
