 Метод адаптації кроку
-----------------------------------
      i       L       fx      x
-----------------------------------
    1  0.1       1.7183   0 
    2  0.1       1.509     0.1     
    3  0.05      1.3985    0.15    
    4  0.1       1.1695    0.25    
    5  0.2       0.7096    0.45    
    6  0.4       0.0605    0.85    
    7  0.8       0.9367    1.65    
    8  0.2       6.79e-3   1.05    
    9  0.1       0.0605    1.15    
   10 -0.05     0   1       
   11 -0.025     1.7e-3    0.975   
   12  0.0125    4.25e-4   1.0125  
-----------------------------------
i = 12 L = 0.00625
fx = 0 x = 1
dfx = 0 d2fx = 5.4365
