Метод Хука-Дживса
---------------------------------------------
     i     step      fx       x1        x2
---------------------------------------------
    1  3         50        -4         5      
    2  3         50        -4         5      
    3  3         8         -1         2      
    4  1.5       2          2        -1      
    5  1.5       2          2        -1      
    6  0.75      0.5        0.5       0.5    
    7  0.75      0.5        0.5       0.5    
    8  0.375     0.125      1.25     -0.25   
    9  0.375     0.125      1.25     -0.25   
   10  0.1875    0.0312     0.875     0.125  
   11  0.1875    0.0312     0.875     0.125  
   12  0.0938    7.81e-3    1.0625   -0.0625 
   13  0.0938    7.81e-3    1.0625   -0.0625 
   14  0.0469    1.95e-3    0.9688    0.0312 
   15  0.0469    1.95e-3    0.9688    0.0312 
   16  0.0234    4.88e-4    1.0156   -0.0156 
   17  0.0234    4.88e-4    1.0156   -0.0156 
   18  0.0117    1.22e-4    0.9922    7.81e-3
   19  0.0117    1.22e-4    0.9922    7.81e-3
   20  5.86e-3   3.05e-5    1.0039   -3.91e-3
   21  5.86e-3   3.05e-5    1.0039   -3.91e-3
   22  2.93e-3   7.63e-6    0.998     1.95e-3
   23  2.93e-3   7.63e-6    0.998     1.95e-3
   24  1.46e-3   1.91e-6    1.001    -9.77e-4
   25  1.46e-3   1.91e-6    1.001    -9.77e-4
   26  7.32e-4   4.77e-7    0.9995    4.88e-4
   27  7.32e-4   4.77e-7    0.9995    4.88e-4
---------------------------------------------
fx = 1.1921e-07 x =    1.0002   -2.44e-4
dfx = -4.0181e-14 d2fx = 4
